10
G72 5
广州 7 41
长沙 10 30
武汉 12 20
石家庄 17 39
北京 18 22
5 2724
10 1380
20 875

Z202 6
三亚 5 35
海口 9 0
广州 14 12
长沙 16 25
郑州 19 30
北京 22 13
10 1383
41 750
30 426

K600 6
广州 3 2
长沙 11 05
武昌 13 15
石家庄 18 49
北京 21 0
呼和浩特 23 19
10 750
16 426
40 251

D2373 5
南京 7 16
合肥 8 10
荆州 11 40
重庆 16 50
成都 19 17
15 906
30 567
40 430

D637 7
上海 6 33
无锡 7 28
南京 8 50
合肥 9 46
荆州 13 20
重庆 16 40
成都 20 50
45 906
30 566
40 432

D706 5
上海 9 18
无锡 10 24
南京 11 20
天津 20 10
北京 21 24
14 477
40 250
21 233

D716 3
南京 9 29
合肥 11 01
北京 18 50
19 439
30 347
24 231

D901 5
北京 20 10
石家庄 21 32
安阳 22 34
广州 6 28
深圳 7 6
18 1570
50 709
36 436

Z97 5
北京 2 40
郑州 8 25
武昌 13 8
长沙 15 30
广州 17 04
30 750
52 426
38 251

D638 7
成都东 7 12
重庆 9 28
荆州 14 48
合肥 18 34
南京 19 57
无锡 21 20
上海 22 14
30 906
25 566
54 324